% time	cellId	IMSI	frame	sframe	RNTI	mcs	size
0.026	1	1	3	7	1	0	85
0.027	1	1	3	8	1	0	85
0.028	1	1	3	9	1	0	85
0.029	1	1	3	10	1	0	85
0.03	1	1	4	1	1	0	85
0.031	1	1	4	2	1	0	85
0.032	1	1	4	3	1	0	85
0.033	1	1	4	4	1	28	2292
0.034	1	1	4	5	1	28	2292
0.035	1	1	4	6	1	28	2292
0.036	1	1	4	7	1	28	2292
0.037	1	1	4	8	1	28	2292
0.038	1	1	4	9	1	28	2292
0.039	1	1	4	10	1	28	2292
0.04	1	1	5	1	1	28	2292
0.041	1	1	5	2	1	28	2292
0.042	1	1	5	3	1	28	2292
0.043	1	1	5	4	1	28	2292
0.044	1	1	5	5	1	28	2292
0.045	1	1	5	6	1	28	2292
0.046	1	1	5	7	1	28	2292
0.047	1	1	5	8	1	28	2292
0.048	1	1	5	9	1	28	2292
0.049	1	1	5	10	1	28	2292
0.05	1	1	6	1	1	28	2292
0.051	1	1	6	2	1	28	2292
0.052	1	1	6	3	1	28	2292
0.053	1	1	6	4	1	28	2292
0.054	1	1	6	5	1	28	2292
0.055	1	1	6	6	1	28	2292
0.056	1	1	6	7	1	28	2292
0.057	1	1	6	8	1	28	2292
0.058	1	1	6	9	1	28	2292
0.059	1	1	6	10	1	28	2292
0.06	1	1	7	1	1	28	2292
0.061	1	1	7	2	1	28	2292
0.062	1	1	7	3	1	28	2292
0.063	1	1	7	4	1	28	2292
0.064	1	1	7	5	1	28	2292
0.065	1	1	7	6	1	28	2292
0.066	1	1	7	7	1	28	2292
0.067	1	1	7	8	1	28	2292
0.068	1	1	7	9	1	28	2292
0.069	1	1	7	10	1	28	2292
0.07	1	1	8	1	1	28	2292
0.071	1	1	8	2	1	28	2292
0.072	1	1	8	3	1	28	2292
0.073	1	1	8	4	1	28	2292
0.074	1	1	8	5	1	28	2292
0.075	1	1	8	6	1	28	2292
0.076	1	1	8	7	1	28	2292
0.077	1	1	8	8	1	28	2292
0.078	1	1	8	9	1	28	2292
0.079	1	1	8	10	1	28	2292
0.08	1	1	9	1	1	28	2292
0.081	1	1	9	2	1	28	2292
0.082	1	1	9	3	1	28	2292
0.083	1	1	9	4	1	28	2292
0.084	1	1	9	5	1	28	2292
0.085	1	1	9	6	1	28	2292
0.086	1	1	9	7	1	28	2292
0.087	1	1	9	8	1	28	2292
0.088	1	1	9	9	1	28	2292
0.089	1	1	9	10	1	28	2292
0.09	1	1	10	1	1	28	2292
0.091	1	1	10	2	1	28	2292
0.092	1	1	10	3	1	28	2292
0.093	1	1	10	4	1	28	2292
0.094	1	1	10	5	1	28	2292
0.095	1	1	10	6	1	28	2292
0.096	1	1	10	7	1	28	2292
0.097	1	1	10	8	1	28	2292
0.098	1	1	10	9	1	28	2292
0.099	1	1	10	10	1	28	2292
0.1	1	1	11	1	1	28	2292
0.101	1	1	11	2	1	28	2292
0.102	1	1	11	3	1	28	2292
0.103	1	1	11	4	1	28	2292
0.104	1	1	11	5	1	28	2292
0.105	1	1	11	6	1	28	2292
0.106	1	1	11	7	1	28	2292
0.107	1	1	11	8	1	28	2292
0.108	1	1	11	9	1	28	2292
0.109	1	1	11	10	1	28	2292
0.11	1	1	12	1	1	28	2292
0.111	1	1	12	2	1	28	2292
0.112	1	1	12	3	1	28	2292
0.113	1	1	12	4	1	28	2292
0.114	1	1	12	5	1	28	2292
0.115	1	1	12	6	1	28	2292
0.116	1	1	12	7	1	28	2292
0.117	1	1	12	8	1	28	2292
0.118	1	1	12	9	1	28	2292
0.119	1	1	12	10	1	28	2292
0.12	1	1	13	1	1	28	2292
0.121	1	1	13	2	1	28	2292
0.122	1	1	13	3	1	28	2292
0.123	1	1	13	4	1	28	2292
0.124	1	1	13	5	1	28	2292
0.125	1	1	13	6	1	28	2292
0.126	1	1	13	7	1	28	2292
0.127	1	1	13	8	1	28	2292
0.128	1	1	13	9	1	28	2292
0.129	1	1	13	10	1	28	2292
0.13	1	1	14	1	1	28	2292
0.131	1	1	14	2	1	28	2292
0.132	1	1	14	3	1	28	2292
0.133	1	1	14	4	1	28	2292
0.134	1	1	14	5	1	28	2292
0.135	1	1	14	6	1	28	2292
0.136	1	1	14	7	1	28	2292
0.137	1	1	14	8	1	28	2292
0.138	1	1	14	9	1	28	2292
0.139	1	1	14	10	1	28	2292
0.14	1	1	15	1	1	28	2292
0.141	1	1	15	2	1	28	2292
0.142	1	1	15	3	1	28	2292
0.143	1	1	15	4	1	28	2292
0.144	1	1	15	5	1	28	2292
0.145	1	1	15	6	1	28	2292
0.146	1	1	15	7	1	28	2292
0.147	1	1	15	8	1	28	2292
0.148	1	1	15	9	1	28	2292
0.149	1	1	15	10	1	28	2292
0.15	1	1	16	1	1	28	2292
0.151	1	1	16	2	1	28	2292
0.152	1	1	16	3	1	28	2292
0.153	1	1	16	4	1	28	2292
0.154	1	1	16	5	1	28	2292
0.155	1	1	16	6	1	28	2292
0.156	1	1	16	7	1	28	2292
0.157	1	1	16	8	1	28	2292
0.158	1	1	16	9	1	28	2292
0.159	1	1	16	10	1	28	2292
0.16	1	1	17	1	1	28	2292
0.161	1	1	17	2	1	28	2292
0.162	1	1	17	3	1	28	2292
0.163	1	1	17	4	1	28	2292
0.164	1	1	17	5	1	28	2292
0.165	1	1	17	6	1	28	2292
0.166	1	1	17	7	1	28	2292
0.167	1	1	17	8	1	28	2292
0.168	1	1	17	9	1	28	2292
0.169	1	1	17	10	1	28	2292
0.17	1	1	18	1	1	28	2292
0.171	1	1	18	2	1	28	2292
0.172	1	1	18	3	1	28	2292
0.173	1	1	18	4	1	28	2292
0.174	1	1	18	5	1	28	2292
0.175	1	1	18	6	1	28	2292
0.176	1	1	18	7	1	28	2292
0.177	1	1	18	8	1	28	2292
0.178	1	1	18	9	1	28	2292
0.179	1	1	18	10	1	28	2292
0.18	1	1	19	1	1	28	2292
0.181	1	1	19	2	1	28	2292
0.182	1	1	19	3	1	28	2292
0.183	1	1	19	4	1	28	2292
0.184	1	1	19	5	1	28	2292
0.185	1	1	19	6	1	28	2292
0.186	1	1	19	7	1	28	2292
0.187	1	1	19	8	1	28	2292
0.188	1	1	19	9	1	28	2292
0.189	1	1	19	10	1	28	2292
0.19	1	1	20	1	1	28	2292
0.191	1	1	20	2	1	28	2292
0.192	1	1	20	3	1	28	2292
0.193	1	1	20	4	1	28	2292
0.194	1	1	20	5	1	28	2292
0.195	1	1	20	6	1	28	2292
0.196	1	1	20	7	1	28	2292
0.197	1	1	20	8	1	28	2292
0.198	1	1	20	9	1	28	2292
0.199	1	1	20	10	1	28	2292
0.2	1	1	21	1	1	28	2292
0.201	1	1	21	2	1	28	2292
0.202	1	1	21	3	1	28	2292
0.203	1	1	21	4	1	28	2292
0.204	1	1	21	5	1	28	2292
0.205	1	1	21	6	1	28	2292
0.206	1	1	21	7	1	28	2292
0.207	1	1	21	8	1	28	2292
0.208	1	1	21	9	1	28	2292
0.209	1	1	21	10	1	28	2292
0.21	1	1	22	1	1	28	2292
0.211	1	1	22	2	1	28	2292
0.212	1	1	22	3	1	28	2292
0.213	1	1	22	4	1	28	2292
0.214	1	1	22	5	1	28	2292
0.215	1	1	22	6	1	28	2292
0.216	1	1	22	7	1	28	2292
0.217	1	1	22	8	1	28	2292
0.218	1	1	22	9	1	28	2292
0.219	1	1	22	10	1	28	2292
0.22	1	1	23	1	1	28	2292
0.221	1	1	23	2	1	28	2292
0.222	1	1	23	3	1	28	2292
0.223	1	1	23	4	1	28	2292
0.224	1	1	23	5	1	28	2292
0.225	1	1	23	6	1	28	2292
0.226	1	1	23	7	1	28	2292
0.227	1	1	23	8	1	28	2292
0.228	1	1	23	9	1	28	2292
0.229	1	1	23	10	1	28	2292
0.23	1	1	24	1	1	28	2292
0.231	1	1	24	2	1	28	2292
0.232	1	1	24	3	1	28	2292
0.233	1	1	24	4	1	28	2292
0.234	1	1	24	5	1	28	2292
0.235	1	1	24	6	1	28	2292
0.236	1	1	24	7	1	28	2292
0.237	1	1	24	8	1	28	2292
0.238	1	1	24	9	1	28	2292
0.239	1	1	24	10	1	28	2292
0.24	1	1	25	1	1	28	2292
0.241	1	1	25	2	1	28	2292
0.242	1	1	25	3	1	28	2292
0.243	1	1	25	4	1	28	2292
0.244	1	1	25	5	1	28	2292
0.245	1	1	25	6	1	28	2292
0.246	1	1	25	7	1	28	2292
0.247	1	1	25	8	1	28	2292
0.248	1	1	25	9	1	28	2292
0.249	1	1	25	10	1	28	2292
0.25	1	1	26	1	1	28	2292
0.251	1	1	26	2	1	28	2292
0.252	1	1	26	3	1	28	2292
0.253	1	1	26	4	1	28	2292
0.254	1	1	26	5	1	28	2292
0.255	1	1	26	6	1	28	2292
0.256	1	1	26	7	1	28	2292
0.257	1	1	26	8	1	28	2292
0.258	1	1	26	9	1	28	2292
0.259	1	1	26	10	1	28	2292
0.26	1	1	27	1	1	28	2292
0.261	1	1	27	2	1	28	2292
0.262	1	1	27	3	1	28	2292
0.263	1	1	27	4	1	28	2292
0.264	1	1	27	5	1	28	2292
0.265	1	1	27	6	1	28	2292
0.266	1	1	27	7	1	28	2292
0.267	1	1	27	8	1	28	2292
0.268	1	1	27	9	1	28	2292
0.269	1	1	27	10	1	28	2292
0.27	1	1	28	1	1	28	2292
0.271	1	1	28	2	1	28	2292
0.272	1	1	28	3	1	28	2292
0.273	1	1	28	4	1	28	2292
0.274	1	1	28	5	1	28	2292
0.275	1	1	28	6	1	28	2292
0.276	1	1	28	7	1	28	2292
0.277	1	1	28	8	1	28	2292
0.278	1	1	28	9	1	28	2292
0.279	1	1	28	10	1	28	2292
0.28	1	1	29	1	1	28	2292
0.281	1	1	29	2	1	28	2292
0.282	1	1	29	3	1	28	2292
0.283	1	1	29	4	1	28	2292
0.284	1	1	29	5	1	28	2292
0.285	1	1	29	6	1	28	2292
0.286	1	1	29	7	1	28	2292
0.287	1	1	29	8	1	28	2292
0.288	1	1	29	9	1	28	2292
0.289	1	1	29	10	1	28	2292
0.29	1	1	30	1	1	28	2292
0.291	1	1	30	2	1	28	2292
0.292	1	1	30	3	1	28	2292
0.293	1	1	30	4	1	28	2292
0.294	1	1	30	5	1	28	2292
0.295	1	1	30	6	1	28	2292
0.296	1	1	30	7	1	28	2292
0.297	1	1	30	8	1	28	2292
0.298	1	1	30	9	1	28	2292
0.299	1	1	30	10	1	28	2292
0.3	1	1	31	1	1	28	2292
0.301	1	1	31	2	1	28	2292
0.302	1	1	31	3	1	28	2292
0.303	1	1	31	4	1	28	2292
0.304	1	1	31	5	1	28	2292
0.305	1	1	31	6	1	28	2292
0.306	1	1	31	7	1	28	2292
0.307	1	1	31	8	1	28	2292
0.308	1	1	31	9	1	28	2292
0.309	1	1	31	10	1	28	2292
0.31	1	1	32	1	1	28	2292
0.311	1	1	32	2	1	28	2292
0.312	1	1	32	3	1	28	2292
0.313	1	1	32	4	1	28	2292
0.314	1	1	32	5	1	28	2292
0.315	1	1	32	6	1	28	2292
0.316	1	1	32	7	1	28	2292
0.317	1	1	32	8	1	28	2292
0.318	1	1	32	9	1	28	2292
0.319	1	1	32	10	1	28	2292
0.32	1	1	33	1	1	28	2292
0.321	1	1	33	2	1	28	2292
0.322	1	1	33	3	1	28	2292
0.323	1	1	33	4	1	28	2292
0.324	1	1	33	5	1	28	2292
0.325	1	1	33	6	1	28	2292
0.326	1	1	33	7	1	28	2292
0.327	1	1	33	8	1	28	2292
0.328	1	1	33	9	1	28	2292
0.329	1	1	33	10	1	28	2292
0.33	1	1	34	1	1	28	2292
0.331	1	1	34	2	1	28	2292
0.332	1	1	34	3	1	28	2292
0.333	1	1	34	4	1	28	2292
0.334	1	1	34	5	1	28	2292
0.335	1	1	34	6	1	28	2292
0.336	1	1	34	7	1	28	2292
0.337	1	1	34	8	1	28	2292
0.338	1	1	34	9	1	28	2292
0.339	1	1	34	10	1	28	2292
0.34	1	1	35	1	1	28	2292
0.341	1	1	35	2	1	28	2292
0.342	1	1	35	3	1	28	2292
0.343	1	1	35	4	1	28	2292
0.344	1	1	35	5	1	28	2292
0.345	1	1	35	6	1	28	2292
0.346	1	1	35	7	1	28	2292
0.347	1	1	35	8	1	28	2292
0.348	1	1	35	9	1	28	2292
0.349	1	1	35	10	1	28	2292
0.35	1	1	36	1	1	28	2292
0.351	1	1	36	2	1	28	2292
0.352	1	1	36	3	1	28	2292
0.353	1	1	36	4	1	28	2292
0.354	1	1	36	5	1	28	2292
0.355	1	1	36	6	1	28	2292
0.356	1	1	36	7	1	28	2292
0.357	1	1	36	8	1	28	2292
0.358	1	1	36	9	1	28	2292
0.359	1	1	36	10	1	28	2292
0.36	1	1	37	1	1	28	2292
0.361	1	1	37	2	1	28	2292
0.362	1	1	37	3	1	28	2292
0.363	1	1	37	4	1	28	2292
0.364	1	1	37	5	1	28	2292
0.365	1	1	37	6	1	28	2292
0.366	1	1	37	7	1	28	2292
0.367	1	1	37	8	1	28	2292
0.368	1	1	37	9	1	28	2292
0.369	1	1	37	10	1	28	2292
0.37	1	1	38	1	1	28	2292
0.371	1	1	38	2	1	28	2292
0.372	1	1	38	3	1	28	2292
0.373	1	1	38	4	1	28	2292
0.374	1	1	38	5	1	28	2292
0.375	1	1	38	6	1	28	2292
0.376	1	1	38	7	1	28	2292
0.377	1	1	38	8	1	28	2292
0.378	1	1	38	9	1	28	2292
0.379	1	1	38	10	1	28	2292
0.38	1	1	39	1	1	28	2292
0.381	1	1	39	2	1	28	2292
0.382	1	1	39	3	1	28	2292
0.383	1	1	39	4	1	28	2292
0.384	1	1	39	5	1	28	2292
0.385	1	1	39	6	1	28	2292
0.386	1	1	39	7	1	28	2292
0.387	1	1	39	8	1	28	2292
0.388	1	1	39	9	1	28	2292
0.389	1	1	39	10	1	28	2292
0.39	1	1	40	1	1	28	2292
0.391	1	1	40	2	1	28	2292
0.392	1	1	40	3	1	28	2292
0.393	1	1	40	4	1	28	2292
0.394	1	1	40	5	1	28	2292
0.395	1	1	40	6	1	28	2292
0.396	1	1	40	7	1	28	2292
0.397	1	1	40	8	1	28	2292
0.398	1	1	40	9	1	28	2292
0.399	1	1	40	10	1	28	2292
0.4	1	1	41	1	1	28	2292
0.401	1	1	41	2	1	28	2292
0.402	1	1	41	3	1	28	2292
0.403	1	1	41	4	1	28	2292
0.404	1	1	41	5	1	28	2292
0.405	1	1	41	6	1	28	2292
0.406	1	1	41	7	1	28	2292
0.407	1	1	41	8	1	28	2292
0.408	1	1	41	9	1	28	2292
0.409	1	1	41	10	1	28	2292
0.41	1	1	42	1	1	28	2292
0.411	1	1	42	2	1	28	2292
0.412	1	1	42	3	1	28	2292
0.413	1	1	42	4	1	28	2292
0.414	1	1	42	5	1	28	2292
0.415	1	1	42	6	1	28	2292
0.416	1	1	42	7	1	28	2292
0.417	1	1	42	8	1	28	2292
0.418	1	1	42	9	1	28	2292
0.419	1	1	42	10	1	28	2292
0.42	1	1	43	1	1	28	2292
0.421	1	1	43	2	1	28	2292
0.422	1	1	43	3	1	28	2292
0.423	1	1	43	4	1	28	2292
0.424	1	1	43	5	1	28	2292
0.425	1	1	43	6	1	28	2292
0.426	1	1	43	7	1	28	2292
0.427	1	1	43	8	1	28	2292
0.428	1	1	43	9	1	28	2292
0.429	1	1	43	10	1	28	2292
0.43	1	1	44	1	1	28	2292
0.431	1	1	44	2	1	28	2292
0.432	1	1	44	3	1	28	2292
0.433	1	1	44	4	1	28	2292
0.434	1	1	44	5	1	28	2292
0.435	1	1	44	6	1	28	2292
0.436	1	1	44	7	1	28	2292
0.437	1	1	44	8	1	28	2292
0.438	1	1	44	9	1	28	2292
0.439	1	1	44	10	1	28	2292
0.44	1	1	45	1	1	28	2292
0.441	1	1	45	2	1	28	2292
0.442	1	1	45	3	1	28	2292
0.443	1	1	45	4	1	28	2292
0.444	1	1	45	5	1	28	2292
0.445	1	1	45	6	1	28	2292
0.446	1	1	45	7	1	28	2292
0.447	1	1	45	8	1	28	2292
0.448	1	1	45	9	1	28	2292
0.449	1	1	45	10	1	28	2292
0.45	1	1	46	1	1	28	2292
0.451	1	1	46	2	1	28	2292
0.452	1	1	46	3	1	28	2292
0.453	1	1	46	4	1	28	2292
0.454	1	1	46	5	1	28	2292
0.455	1	1	46	6	1	28	2292
0.456	1	1	46	7	1	28	2292
0.457	1	1	46	8	1	28	2292
0.458	1	1	46	9	1	28	2292
0.459	1	1	46	10	1	28	2292
0.46	1	1	47	1	1	28	2292
0.461	1	1	47	2	1	28	2292
0.462	1	1	47	3	1	28	2292
0.463	1	1	47	4	1	28	2292
0.464	1	1	47	5	1	28	2292
0.465	1	1	47	6	1	28	2292
0.466	1	1	47	7	1	28	2292
0.467	1	1	47	8	1	28	2292
0.468	1	1	47	9	1	28	2292
0.469	1	1	47	10	1	28	2292
0.47	1	1	48	1	1	28	2292
0.471	1	1	48	2	1	28	2292
0.472	1	1	48	3	1	28	2292
0.473	1	1	48	4	1	28	2292
0.474	1	1	48	5	1	28	2292
0.475	1	1	48	6	1	28	2292
0.476	1	1	48	7	1	28	2292
0.477	1	1	48	8	1	28	2292
0.478	1	1	48	9	1	28	2292
0.479	1	1	48	10	1	28	2292
0.48	1	1	49	1	1	28	2292
0.481	1	1	49	2	1	28	2292
0.482	1	1	49	3	1	28	2292
0.483	1	1	49	4	1	28	2292
0.484	1	1	49	5	1	28	2292
0.485	1	1	49	6	1	28	2292
0.486	1	1	49	7	1	28	2292
0.487	1	1	49	8	1	28	2292
0.488	1	1	49	9	1	28	2292
0.489	1	1	49	10	1	28	2292
0.49	1	1	50	1	1	28	2292
0.491	1	1	50	2	1	28	2292
0.492	1	1	50	3	1	28	2292
0.493	1	1	50	4	1	28	2292
0.494	1	1	50	5	1	28	2292
0.495	1	1	50	6	1	28	2292
0.496	1	1	50	7	1	28	2292
0.497	1	1	50	8	1	28	2292
0.498	1	1	50	9	1	28	2292
0.499	1	1	50	10	1	28	2292
0.5	1	1	51	1	1	28	2292
0.501	1	1	51	2	1	28	2292
0.502	1	1	51	3	1	28	2292
0.503	1	1	51	4	1	28	2292
0.504	1	1	51	5	1	28	2292
0.505	1	1	51	6	1	28	2292
0.506	1	1	51	7	1	28	2292
0.507	1	1	51	8	1	28	2292
0.508	1	1	51	9	1	28	2292
0.509	1	1	51	10	1	28	2292
0.51	1	1	52	1	1	28	2292
0.511	1	1	52	2	1	28	2292
0.512	1	1	52	3	1	28	2292
0.513	1	1	52	4	1	28	2292
0.514	1	1	52	5	1	28	2292
0.515	1	1	52	6	1	28	2292
0.516	1	1	52	7	1	28	2292
0.517	1	1	52	8	1	28	2292
0.518	1	1	52	9	1	28	2292
0.519	1	1	52	10	1	28	2292
0.52	1	1	53	1	1	28	2292
0.521	1	1	53	2	1	28	2292
0.522	1	1	53	3	1	28	2292
0.523	1	1	53	4	1	28	2292
0.524	1	1	53	5	1	28	2292
0.525	1	1	53	6	1	28	2292
0.526	1	1	53	7	1	28	2292
0.527	1	1	53	8	1	28	2292
0.528	1	1	53	9	1	28	2292
0.529	1	1	53	10	1	28	2292
0.53	1	1	54	1	1	28	2292
0.531	1	1	54	2	1	28	2292
0.532	1	1	54	3	1	28	2292
0.533	1	1	54	4	1	28	2292
0.534	1	1	54	5	1	28	2292
0.535	1	1	54	6	1	28	2292
0.536	1	1	54	7	1	28	2292
0.537	1	1	54	8	1	28	2292
0.538	1	1	54	9	1	28	2292
0.539	1	1	54	10	1	28	2292
0.54	1	1	55	1	1	28	2292
0.541	1	1	55	2	1	28	2292
0.542	1	1	55	3	1	28	2292
0.543	1	1	55	4	1	28	2292
0.544	1	1	55	5	1	28	2292
0.545	1	1	55	6	1	28	2292
0.546	1	1	55	7	1	28	2292
0.547	1	1	55	8	1	28	2292
0.548	1	1	55	9	1	28	2292
0.549	1	1	55	10	1	28	2292
0.55	1	1	56	1	1	28	2292
0.551	1	1	56	2	1	28	2292
0.552	1	1	56	3	1	28	2292
0.553	1	1	56	4	1	28	2292
0.554	1	1	56	5	1	28	2292
0.555	1	1	56	6	1	28	2292
0.556	1	1	56	7	1	28	2292
0.557	1	1	56	8	1	28	2292
0.558	1	1	56	9	1	28	2292
0.559	1	1	56	10	1	28	2292
0.56	1	1	57	1	1	28	2292
0.561	1	1	57	2	1	28	2292
0.562	1	1	57	3	1	28	2292
0.563	1	1	57	4	1	28	2292
0.564	1	1	57	5	1	28	2292
0.565	1	1	57	6	1	28	2292
0.566	1	1	57	7	1	28	2292
0.567	1	1	57	8	1	28	2292
0.568	1	1	57	9	1	28	2292
0.569	1	1	57	10	1	28	2292
0.57	1	1	58	1	1	28	2292
0.571	1	1	58	2	1	28	2292
0.572	1	1	58	3	1	28	2292
0.573	1	1	58	4	1	28	2292
0.574	1	1	58	5	1	28	2292
0.575	1	1	58	6	1	28	2292
0.576	1	1	58	7	1	28	2292
0.577	1	1	58	8	1	28	2292
0.578	1	1	58	9	1	28	2292
0.579	1	1	58	10	1	28	2292
0.58	1	1	59	1	1	28	2292
0.581	1	1	59	2	1	28	2292
0.582	1	1	59	3	1	28	2292
0.583	1	1	59	4	1	28	2292
0.584	1	1	59	5	1	28	2292
0.585	1	1	59	6	1	28	2292
0.586	1	1	59	7	1	28	2292
0.587	1	1	59	8	1	28	2292
0.588	1	1	59	9	1	28	2292
0.589	1	1	59	10	1	28	2292
0.59	1	1	60	1	1	28	2292
0.591	1	1	60	2	1	28	2292
0.592	1	1	60	3	1	28	2292
0.593	1	1	60	4	1	28	2292
0.594	1	1	60	5	1	28	2292
0.595	1	1	60	6	1	28	2292
0.596	1	1	60	7	1	28	2292
0.597	1	1	60	8	1	28	2292
0.598	1	1	60	9	1	28	2292
0.599	1	1	60	10	1	28	2292
0.6	1	1	61	1	1	28	2292
0.601	1	1	61	2	1	28	2292
0.602	1	1	61	3	1	28	2292
0.603	1	1	61	4	1	28	2292
0.604	1	1	61	5	1	28	2292
0.605	1	1	61	6	1	28	2292
0.606	1	1	61	7	1	28	2292
0.607	1	1	61	8	1	28	2292
0.608	1	1	61	9	1	28	2292
0.609	1	1	61	10	1	28	2292
0.61	1	1	62	1	1	28	2292
0.611	1	1	62	2	1	28	2292
0.612	1	1	62	3	1	28	2292
0.613	1	1	62	4	1	28	2292
0.614	1	1	62	5	1	28	2292
0.615	1	1	62	6	1	28	2292
0.616	1	1	62	7	1	28	2292
0.617	1	1	62	8	1	28	2292
0.618	1	1	62	9	1	28	2292
0.619	1	1	62	10	1	28	2292
0.62	1	1	63	1	1	28	2292
0.621	1	1	63	2	1	28	2292
0.622	1	1	63	3	1	28	2292
0.623	1	1	63	4	1	28	2292
0.624	1	1	63	5	1	28	2292
0.625	1	1	63	6	1	28	2292
0.626	1	1	63	7	1	28	2292
0.627	1	1	63	8	1	28	2292
0.628	1	1	63	9	1	28	2292
0.629	1	1	63	10	1	28	2292
0.63	1	1	64	1	1	28	2292
0.631	1	1	64	2	1	28	2292
0.632	1	1	64	3	1	28	2292
0.633	1	1	64	4	1	28	2292
0.634	1	1	64	5	1	28	2292
0.635	1	1	64	6	1	28	2292
0.636	1	1	64	7	1	28	2292
0.637	1	1	64	8	1	28	2292
0.638	1	1	64	9	1	28	2292
0.639	1	1	64	10	1	28	2292
0.64	1	1	65	1	1	28	2292
0.641	1	1	65	2	1	28	2292
0.642	1	1	65	3	1	28	2292
0.643	1	1	65	4	1	28	2292
0.644	1	1	65	5	1	28	2292
0.645	1	1	65	6	1	28	2292
0.646	1	1	65	7	1	28	2292
0.647	1	1	65	8	1	28	2292
0.648	1	1	65	9	1	28	2292
0.649	1	1	65	10	1	28	2292
0.65	1	1	66	1	1	28	2292
0.651	1	1	66	2	1	28	2292
0.652	1	1	66	3	1	28	2292
0.653	1	1	66	4	1	28	2292
0.654	1	1	66	5	1	28	2292
0.655	1	1	66	6	1	28	2292
0.656	1	1	66	7	1	28	2292
0.657	1	1	66	8	1	28	2292
0.658	1	1	66	9	1	28	2292
0.659	1	1	66	10	1	28	2292
0.66	1	1	67	1	1	28	2292
0.661	1	1	67	2	1	28	2292
0.662	1	1	67	3	1	28	2292
0.663	1	1	67	4	1	28	2292
0.664	1	1	67	5	1	28	2292
0.665	1	1	67	6	1	28	2292
0.666	1	1	67	7	1	28	2292
0.667	1	1	67	8	1	28	2292
0.668	1	1	67	9	1	28	2292
0.669	1	1	67	10	1	28	2292
0.67	1	1	68	1	1	28	2292
0.671	1	1	68	2	1	28	2292
0.672	1	1	68	3	1	28	2292
0.673	1	1	68	4	1	28	2292
0.674	1	1	68	5	1	28	2292
0.675	1	1	68	6	1	28	2292
0.676	1	1	68	7	1	28	2292
0.677	1	1	68	8	1	28	2292
0.678	1	1	68	9	1	28	2292
0.679	1	1	68	10	1	28	2292
0.68	1	1	69	1	1	28	2292
0.681	1	1	69	2	1	28	2292
0.682	1	1	69	3	1	28	2292
0.683	1	1	69	4	1	28	2292
0.684	1	1	69	5	1	28	2292
0.685	1	1	69	6	1	28	2292
0.686	1	1	69	7	1	28	2292
0.687	1	1	69	8	1	28	2292
0.688	1	1	69	9	1	28	2292
0.689	1	1	69	10	1	28	2292
0.69	1	1	70	1	1	28	2292
0.691	1	1	70	2	1	28	2292
0.692	1	1	70	3	1	28	2292
0.693	1	1	70	4	1	28	2292
0.694	1	1	70	5	1	28	2292
0.695	1	1	70	6	1	28	2292
0.696	1	1	70	7	1	28	2292
0.697	1	1	70	8	1	28	2292
0.698	1	1	70	9	1	28	2292
0.699	1	1	70	10	1	28	2292
0.7	1	1	71	1	1	28	2292
0.701	1	1	71	2	1	28	2292
0.702	1	1	71	3	1	28	2292
0.703	1	1	71	4	1	28	2292
0.704	1	1	71	5	1	28	2292
0.705	1	1	71	6	1	28	2292
0.706	1	1	71	7	1	28	2292
0.707	1	1	71	8	1	28	2292
0.708	1	1	71	9	1	28	2292
0.709	1	1	71	10	1	28	2292
0.71	1	1	72	1	1	28	2292
0.711	1	1	72	2	1	28	2292
0.712	1	1	72	3	1	28	2292
0.713	1	1	72	4	1	28	2292
0.714	1	1	72	5	1	28	2292
0.715	1	1	72	6	1	28	2292
0.716	1	1	72	7	1	28	2292
0.717	1	1	72	8	1	28	2292
0.718	1	1	72	9	1	28	2292
0.719	1	1	72	10	1	28	2292
0.72	1	1	73	1	1	28	2292
0.721	1	1	73	2	1	28	2292
0.722	1	1	73	3	1	28	2292
0.723	1	1	73	4	1	28	2292
0.724	1	1	73	5	1	28	2292
0.725	1	1	73	6	1	28	2292
0.726	1	1	73	7	1	28	2292
0.727	1	1	73	8	1	28	2292
0.728	1	1	73	9	1	28	2292
0.729	1	1	73	10	1	28	2292
0.73	1	1	74	1	1	28	2292
0.731	1	1	74	2	1	28	2292
0.732	1	1	74	3	1	28	2292
0.733	1	1	74	4	1	28	2292
0.734	1	1	74	5	1	28	2292
0.735	1	1	74	6	1	28	2292
0.736	1	1	74	7	1	28	2292
0.737	1	1	74	8	1	28	2292
0.738	1	1	74	9	1	28	2292
0.739	1	1	74	10	1	28	2292
0.74	1	1	75	1	1	28	2292
0.741	1	1	75	2	1	28	2292
0.742	1	1	75	3	1	28	2292
0.743	1	1	75	4	1	28	2292
0.744	1	1	75	5	1	28	2292
0.745	1	1	75	6	1	28	2292
0.746	1	1	75	7	1	28	2292
0.747	1	1	75	8	1	28	2292
0.748	1	1	75	9	1	28	2292
0.749	1	1	75	10	1	28	2292
0.75	1	1	76	1	1	28	2292
0.751	1	1	76	2	1	28	2292
0.752	1	1	76	3	1	28	2292
0.753	1	1	76	4	1	28	2292
0.754	1	1	76	5	1	28	2292
0.755	1	1	76	6	1	28	2292
0.756	1	1	76	7	1	28	2292
0.757	1	1	76	8	1	28	2292
0.758	1	1	76	9	1	28	2292
0.759	1	1	76	10	1	28	2292
0.76	1	1	77	1	1	28	2292
0.761	1	1	77	2	1	28	2292
0.762	1	1	77	3	1	28	2292
0.763	1	1	77	4	1	28	2292
0.764	1	1	77	5	1	28	2292
0.765	1	1	77	6	1	28	2292
0.766	1	1	77	7	1	28	2292
0.767	1	1	77	8	1	28	2292
0.768	1	1	77	9	1	28	2292
0.769	1	1	77	10	1	28	2292
0.77	1	1	78	1	1	28	2292
0.771	1	1	78	2	1	28	2292
0.772	1	1	78	3	1	28	2292
0.773	1	1	78	4	1	28	2292
0.774	1	1	78	5	1	28	2292
0.775	1	1	78	6	1	28	2292
0.776	1	1	78	7	1	28	2292
0.777	1	1	78	8	1	28	2292
0.778	1	1	78	9	1	28	2292
0.779	1	1	78	10	1	28	2292
0.78	1	1	79	1	1	28	2292
0.781	1	1	79	2	1	28	2292
0.782	1	1	79	3	1	28	2292
0.783	1	1	79	4	1	28	2292
0.784	1	1	79	5	1	28	2292
0.785	1	1	79	6	1	28	2292
0.786	1	1	79	7	1	28	2292
0.787	1	1	79	8	1	28	2292
0.788	1	1	79	9	1	28	2292
0.789	1	1	79	10	1	28	2292
0.79	1	1	80	1	1	28	2292
0.791	1	1	80	2	1	28	2292
0.792	1	1	80	3	1	28	2292
0.793	1	1	80	4	1	28	2292
0.794	1	1	80	5	1	28	2292
0.795	1	1	80	6	1	28	2292
0.796	1	1	80	7	1	28	2292
0.797	1	1	80	8	1	28	2292
0.798	1	1	80	9	1	28	2292
0.799	1	1	80	10	1	28	2292
0.8	1	1	81	1	1	28	2292
0.801	1	1	81	2	1	28	2292
0.802	1	1	81	3	1	28	2292
0.803	1	1	81	4	1	28	2292
0.804	1	1	81	5	1	28	2292
0.805	1	1	81	6	1	28	2292
0.806	1	1	81	7	1	28	2292
0.807	1	1	81	8	1	28	2292
0.808	1	1	81	9	1	28	2292
0.809	1	1	81	10	1	28	2292
0.81	1	1	82	1	1	28	2292
0.811	1	1	82	2	1	28	2292
0.812	1	1	82	3	1	28	2292
0.813	1	1	82	4	1	28	2292
0.814	1	1	82	5	1	28	2292
0.815	1	1	82	6	1	28	2292
0.816	1	1	82	7	1	28	2292
0.817	1	1	82	8	1	28	2292
0.818	1	1	82	9	1	28	2292
0.819	1	1	82	10	1	28	2292
0.82	1	1	83	1	1	28	2292
0.821	1	1	83	2	1	28	2292
0.822	1	1	83	3	1	28	2292
0.823	1	1	83	4	1	28	2292
0.824	1	1	83	5	1	28	2292
0.825	1	1	83	6	1	28	2292
0.826	1	1	83	7	1	28	2292
0.827	1	1	83	8	1	28	2292
0.828	1	1	83	9	1	28	2292
0.829	1	1	83	10	1	28	2292
0.83	1	1	84	1	1	28	2292
0.831	1	1	84	2	1	28	2292
0.832	1	1	84	3	1	28	2292
0.833	1	1	84	4	1	28	2292
0.834	1	1	84	5	1	28	2292
0.835	1	1	84	6	1	28	2292
0.836	1	1	84	7	1	28	2292
0.837	1	1	84	8	1	28	2292
0.838	1	1	84	9	1	28	2292
0.839	1	1	84	10	1	28	2292
0.84	1	1	85	1	1	28	2292
0.841	1	1	85	2	1	28	2292
0.842	1	1	85	3	1	28	2292
0.843	1	1	85	4	1	28	2292
0.844	1	1	85	5	1	28	2292
0.845	1	1	85	6	1	28	2292
0.846	1	1	85	7	1	28	2292
0.847	1	1	85	8	1	28	2292
0.848	1	1	85	9	1	28	2292
0.849	1	1	85	10	1	28	2292
0.85	1	1	86	1	1	28	2292
0.851	1	1	86	2	1	28	2292
0.852	1	1	86	3	1	28	2292
0.853	1	1	86	4	1	28	2292
0.854	1	1	86	5	1	28	2292
0.855	1	1	86	6	1	28	2292
0.856	1	1	86	7	1	28	2292
0.857	1	1	86	8	1	28	2292
0.858	1	1	86	9	1	28	2292
0.859	1	1	86	10	1	28	2292
0.86	1	1	87	1	1	28	2292
0.861	1	1	87	2	1	28	2292
0.862	1	1	87	3	1	28	2292
0.863	1	1	87	4	1	28	2292
0.864	1	1	87	5	1	28	2292
0.865	1	1	87	6	1	28	2292
0.866	1	1	87	7	1	28	2292
0.867	1	1	87	8	1	28	2292
0.868	1	1	87	9	1	28	2292
0.869	1	1	87	10	1	28	2292
0.87	1	1	88	1	1	28	2292
0.871	1	1	88	2	1	28	2292
0.872	1	1	88	3	1	28	2292
0.873	1	1	88	4	1	28	2292
0.874	1	1	88	5	1	28	2292
0.875	1	1	88	6	1	28	2292
0.876	1	1	88	7	1	28	2292
0.877	1	1	88	8	1	28	2292
0.878	1	1	88	9	1	28	2292
0.879	1	1	88	10	1	28	2292
0.88	1	1	89	1	1	28	2292
0.881	1	1	89	2	1	28	2292
0.882	1	1	89	3	1	28	2292
0.883	1	1	89	4	1	28	2292
0.884	1	1	89	5	1	28	2292
0.885	1	1	89	6	1	28	2292
0.886	1	1	89	7	1	28	2292
0.887	1	1	89	8	1	28	2292
0.888	1	1	89	9	1	28	2292
0.889	1	1	89	10	1	28	2292
0.89	1	1	90	1	1	28	2292
0.891	1	1	90	2	1	28	2292
0.892	1	1	90	3	1	28	2292
0.893	1	1	90	4	1	28	2292
0.894	1	1	90	5	1	28	2292
0.895	1	1	90	6	1	28	2292
0.896	1	1	90	7	1	28	2292
0.897	1	1	90	8	1	28	2292
0.898	1	1	90	9	1	28	2292
0.899	1	1	90	10	1	28	2292
0.9	1	1	91	1	1	28	2292
0.901	1	1	91	2	1	28	2292
0.902	1	1	91	3	1	28	2292
0.903	1	1	91	4	1	28	2292
0.904	1	1	91	5	1	28	2292
0.905	1	1	91	6	1	28	2292
0.906	1	1	91	7	1	28	2292
0.907	1	1	91	8	1	28	2292
0.908	1	1	91	9	1	28	2292
0.909	1	1	91	10	1	28	2292
0.91	1	1	92	1	1	28	2292
0.911	1	1	92	2	1	28	2292
0.912	1	1	92	3	1	28	2292
0.913	1	1	92	4	1	28	2292
0.914	1	1	92	5	1	28	2292
0.915	1	1	92	6	1	28	2292
0.916	1	1	92	7	1	28	2292
0.917	1	1	92	8	1	28	2292
0.918	1	1	92	9	1	28	2292
0.919	1	1	92	10	1	28	2292
0.92	1	1	93	1	1	28	2292
0.921	1	1	93	2	1	28	2292
0.922	1	1	93	3	1	28	2292
0.923	1	1	93	4	1	28	2292
0.924	1	1	93	5	1	28	2292
0.925	1	1	93	6	1	28	2292
0.926	1	1	93	7	1	28	2292
0.927	1	1	93	8	1	28	2292
0.928	1	1	93	9	1	28	2292
0.929	1	1	93	10	1	28	2292
0.93	1	1	94	1	1	28	2292
0.931	1	1	94	2	1	28	2292
0.932	1	1	94	3	1	28	2292
0.933	1	1	94	4	1	28	2292
0.934	1	1	94	5	1	28	2292
0.935	1	1	94	6	1	28	2292
0.936	1	1	94	7	1	28	2292
0.937	1	1	94	8	1	28	2292
0.938	1	1	94	9	1	28	2292
0.939	1	1	94	10	1	28	2292
0.94	1	1	95	1	1	28	2292
0.941	1	1	95	2	1	28	2292
0.942	1	1	95	3	1	28	2292
0.943	1	1	95	4	1	28	2292
0.944	1	1	95	5	1	28	2292
0.945	1	1	95	6	1	28	2292
0.946	1	1	95	7	1	28	2292
0.947	1	1	95	8	1	28	2292
0.948	1	1	95	9	1	28	2292
0.949	1	1	95	10	1	28	2292
0.95	1	1	96	1	1	28	2292
0.951	1	1	96	2	1	28	2292
0.952	1	1	96	3	1	28	2292
0.953	1	1	96	4	1	28	2292
0.954	1	1	96	5	1	28	2292
0.955	1	1	96	6	1	28	2292
0.956	1	1	96	7	1	28	2292
0.957	1	1	96	8	1	28	2292
0.958	1	1	96	9	1	28	2292
0.959	1	1	96	10	1	28	2292
0.96	1	1	97	1	1	28	2292
0.961	1	1	97	2	1	28	2292
0.962	1	1	97	3	1	28	2292
0.963	1	1	97	4	1	28	2292
0.964	1	1	97	5	1	28	2292
0.965	1	1	97	6	1	28	2292
0.966	1	1	97	7	1	28	2292
0.967	1	1	97	8	1	28	2292
0.968	1	1	97	9	1	28	2292
0.969	1	1	97	10	1	28	2292
0.97	1	1	98	1	1	28	2292
0.971	1	1	98	2	1	28	2292
0.972	1	1	98	3	1	28	2292
0.973	1	1	98	4	1	28	2292
0.974	1	1	98	5	1	28	2292
0.975	1	1	98	6	1	28	2292
0.976	1	1	98	7	1	28	2292
0.977	1	1	98	8	1	28	2292
0.978	1	1	98	9	1	28	2292
0.979	1	1	98	10	1	28	2292
0.98	1	1	99	1	1	28	2292
0.981	1	1	99	2	1	28	2292
0.982	1	1	99	3	1	28	2292
0.983	1	1	99	4	1	28	2292
0.984	1	1	99	5	1	28	2292
0.985	1	1	99	6	1	28	2292
0.986	1	1	99	7	1	28	2292
0.987	1	1	99	8	1	28	2292
0.988	1	1	99	9	1	28	2292
0.989	1	1	99	10	1	28	2292
0.99	1	1	100	1	1	28	2292
0.991	1	1	100	2	1	28	2292
0.992	1	1	100	3	1	28	2292
0.993	1	1	100	4	1	28	2292
0.994	1	1	100	5	1	28	2292
0.995	1	1	100	6	1	28	2292
0.996	1	1	100	7	1	28	2292
0.997	1	1	100	8	1	28	2292
0.998	1	1	100	9	1	28	2292
0.999	1	1	100	10	1	28	2292
1	1	1	101	1	1	28	2292
1.001	1	1	101	2	1	28	2292
1.002	1	1	101	3	1	28	2292
1.003	1	1	101	4	1	28	2292
1.004	1	1	101	5	1	28	2292
1.005	1	1	101	6	1	28	2292
1.006	1	1	101	7	1	28	2292
1.007	1	1	101	8	1	28	2292
1.008	1	1	101	9	1	28	2292
1.009	1	1	101	10	1	28	2292
1.01	1	1	102	1	1	28	2292
1.011	1	1	102	2	1	28	2292
1.012	1	1	102	3	1	28	2292
1.013	1	1	102	4	1	28	2292
1.014	1	1	102	5	1	28	2292
1.015	1	1	102	6	1	28	2292
1.016	1	1	102	7	1	28	2292
1.017	1	1	102	8	1	28	2292
1.018	1	1	102	9	1	28	2292
1.019	1	1	102	10	1	28	2292
1.02	1	1	103	1	1	28	2292
1.021	1	1	103	2	1	28	2292
1.022	1	1	103	3	1	28	2292
1.023	1	1	103	4	1	28	2292
1.024	1	1	103	5	1	28	2292
1.025	1	1	103	6	1	28	2292
1.026	1	1	103	7	1	28	2292
1.027	1	1	103	8	1	28	2292
1.028	1	1	103	9	1	28	2292
1.029	1	1	103	10	1	28	2292
1.03	1	1	104	1	1	28	2292
1.031	1	1	104	2	1	28	2292
1.032	1	1	104	3	1	28	2292
1.033	1	1	104	4	1	28	2292
1.034	1	1	104	5	1	28	2292
1.035	1	1	104	6	1	28	2292
1.036	1	1	104	7	1	28	2292
1.037	1	1	104	8	1	28	2292
1.038	1	1	104	9	1	28	2292
1.039	1	1	104	10	1	28	2292
1.04	1	1	105	1	1	28	2292
1.041	1	1	105	2	1	28	2292
1.042	1	1	105	3	1	28	2292
1.043	1	1	105	4	1	28	2292
1.044	1	1	105	5	1	28	2292
1.045	1	1	105	6	1	28	2292
1.046	1	1	105	7	1	28	2292
1.047	1	1	105	8	1	28	2292
1.048	1	1	105	9	1	28	2292
1.049	1	1	105	10	1	28	2292
